eval_accuracy = 0.75
eval_loss = 1.3279561
global_step = 417
loss = 0.9966553
